(kicad_pcb (version 20171130) (host pcbnew "(5.1.10)-1")

  (general
    (thickness 1.6)
    (drawings 10)
    (tracks 1097)
    (zones 0)
    (modules 63)
    (nets 110)
  )

  (page A4)
  (layers
    (0 F.Cu signal)
    (31 B.Cu signal)
    (32 B.Adhes user)
    (33 F.Adhes user)
    (34 B.Paste user)
    (35 F.Paste user)
    (36 B.SilkS user)
    (37 F.SilkS user)
    (38 B.Mask user)
    (39 F.Mask user)
    (40 Dwgs.User user)
    (41 Cmts.User user)
    (42 Eco1.User user)
    (43 Eco2.User user)
    (44 Edge.Cuts user)
    (45 Margin user)
    (46 B.CrtYd user)
    (47 F.CrtYd user)
    (48 B.Fab user hide)
    (49 F.Fab user hide)
  )

  (setup
    (last_trace_width 0.25)
    (user_trace_width 0.3)
    (user_trace_width 0.35)
    (user_trace_width 0.4)
    (user_trace_width 0.45)
    (user_trace_width 0.5)
    (user_trace_width 0.55)
    (user_trace_width 0.6)
    (user_trace_width 0.65)
    (user_trace_width 0.7)
    (user_trace_width 0.8)
    (user_trace_width 0.9)
    (user_trace_width 1.2)
    (trace_clearance 0.2)
    (zone_clearance 0.508)
    (zone_45_only no)
    (trace_min 0.2)
    (via_size 0.8)
    (via_drill 0.4)
    (via_min_size 0.4)
    (via_min_drill 0.3)
    (user_via 0.4 0.3)
    (user_via 0.5 0.3)
    (uvia_size 0.3)
    (uvia_drill 0.1)
    (uvias_allowed no)
    (uvia_min_size 0.2)
    (uvia_min_drill 0.1)
    (edge_width 0.05)
    (segment_width 0.2)
    (pcb_text_width 0.3)
    (pcb_text_size 1.5 1.5)
    (mod_edge_width 0.12)
    (mod_text_size 1 1)
    (mod_text_width 0.15)
    (pad_size 4.4 4.4)
    (pad_drill 2.2)
    (pad_to_mask_clearance 0)
    (aux_axis_origin 0 0)
    (visible_elements 7FFFFFFF)
    (pcbplotparams
      (layerselection 0x010fc_ffffffff)
      (usegerberextensions false)
      (usegerberattributes true)
      (usegerberadvancedattributes true)
      (creategerberjobfile true)
      (excludeedgelayer true)
      (linewidth 0.100000)
      (plotframeref false)
      (viasonmask false)
      (mode 1)
      (useauxorigin false)
      (hpglpennumber 1)
      (hpglpenspeed 20)
      (hpglpendiameter 15.000000)
      (psnegative false)
      (psa4output false)
      (plotreference true)
      (plotvalue true)
      (plotinvisibletext false)
      (padsonsilk false)
      (subtractmaskfromsilk false)
      (outputformat 1)
      (mirror false)
      (drillshape 1)
      (scaleselection 1)
      (outputdirectory ""))
  )

  (net 0 "")
  (net 1 GND)
  (net 2 "Net-(C1-Pad1)")
  (net 3 +5V)
  (net 4 RTC1)
  (net 5 RTC2)
  (net 6 "Net-(C5-Pad1)")
  (net 7 HSE1)
  (net 8 HSE2)
  (net 9 VRef)
  (net 10 +3V3)
  (net 11 VCAP1)
  (net 12 VCAP2)
  (net 13 NRST)
  (net 14 "Net-(D1-Pad2)")
  (net 15 PA3-USART2_RX)
  (net 16 PA2-USART2_TX)
  (net 17 "Net-(D2-Pad2)")
  (net 18 "Net-(D4-Pad2)")
  (net 19 PC13)
  (net 20 "Net-(D5-Pad2)")
  (net 21 PC1-Flash_CS)
  (net 22 PC2-Flash_DO)
  (net 23 PC3-Flash_DI)
  (net 24 PB10-Flash_CLK)
  (net 25 "Net-(J1-Pad3)")
  (net 26 "Net-(J1-Pad2)")
  (net 27 "Net-(J1-Pad1)")
  (net 28 USB_VBUS)
  (net 29 "Net-(J2-Pad2)")
  (net 30 "Net-(J2-Pad3)")
  (net 31 "Net-(J3-Pad3)")
  (net 32 "Net-(J3-Pad4)")
  (net 33 SWCLK)
  (net 34 SWDIO)
  (net 35 VBAT)
  (net 36 PB15)
  (net 37 PB14)
  (net 38 PB13)
  (net 39 PB12)
  (net 40 PB11)
  (net 41 PE15)
  (net 42 PE14)
  (net 43 PE13)
  (net 44 PE12)
  (net 45 PE11)
  (net 46 PE10)
  (net 47 PE9)
  (net 48 PE8)
  (net 49 PE7)
  (net 50 PB2-BOOT1)
  (net 51 PB1)
  (net 52 PB0)
  (net 53 PC5)
  (net 54 PC4)
  (net 55 PA7)
  (net 56 PA6)
  (net 57 PA5)
  (net 58 PA4)
  (net 59 PA1)
  (net 60 PA0)
  (net 61 PC0)
  (net 62 PE6)
  (net 63 PE5)
  (net 64 PE4)
  (net 65 PE3)
  (net 66 PE2)
  (net 67 PD8)
  (net 68 PD9)
  (net 69 PD10)
  (net 70 PD11)
  (net 71 PD12)
  (net 72 PD13)
  (net 73 PD14)
  (net 74 PD15)
  (net 75 PC6)
  (net 76 PC7)
  (net 77 PC8-SDIO_D0)
  (net 78 PC9-SDIO_D1)
  (net 79 PA8)
  (net 80 PA9)
  (net 81 PA10)
  (net 82 PA11-USB_DM)
  (net 83 PA12-USB_DP)
  (net 84 PA15)
  (net 85 PC10-SDIO_D2)
  (net 86 PC11-SDIO_D3)
  (net 87 PC12-SDIO_CK)
  (net 88 PD0)
  (net 89 PD1)
  (net 90 PD2-SDIO_CMD)
  (net 91 PD3)
  (net 92 PD4)
  (net 93 PD5)
  (net 94 PD6)
  (net 95 PD7)
  (net 96 PB3)
  (net 97 PB4)
  (net 98 PB5)
  (net 99 PB6)
  (net 100 PB7)
  (net 101 PB8)
  (net 102 PB9)
  (net 103 PE0)
  (net 104 PE1)
  (net 105 BOOT0)
  (net 106 "Net-(U2-Pad4)")
  (net 107 "Net-(U2-Pad5)")
  (net 108 "Net-(U2-Pad6)")
  (net 109 "Net-(XS1-Pad9)")

  (net_class Default "This is the default net class."
    (clearance 0.2)
    (trace_width 0.25)
    (via_dia 0.8)
    (via_drill 0.4)
    (uvia_dia 0.3)
    (uvia_drill 0.1)
    (add_net +3V3)
    (add_net +5V)
    (add_net BOOT0)
    (add_net GND)
    (add_net HSE1)
    (add_net HSE2)
    (add_net NRST)
    (add_net "Net-(C1-Pad1)")
    (add_net "Net-(C5-Pad1)")
    (add_net "Net-(D1-Pad2)")
    (add_net "Net-(D2-Pad2)")
    (add_net "Net-(D4-Pad2)")
    (add_net "Net-(D5-Pad2)")
    (add_net "Net-(J1-Pad1)")
    (add_net "Net-(J1-Pad2)")
    (add_net "Net-(J1-Pad3)")
    (add_net "Net-(J2-Pad2)")
    (add_net "Net-(J2-Pad3)")
    (add_net "Net-(J3-Pad3)")
    (add_net "Net-(J3-Pad4)")
    (add_net "Net-(U2-Pad4)")
    (add_net "Net-(U2-Pad5)")
    (add_net "Net-(U2-Pad6)")
    (add_net "Net-(XS1-Pad9)")
    (add_net PA0)
    (add_net PA1)
    (add_net PA10)
    (add_net PA11-USB_DM)
    (add_net PA12-USB_DP)
    (add_net PA15)
    (add_net PA2-USART2_TX)
    (add_net PA3-USART2_RX)
    (add_net PA4)
    (add_net PA5)
    (add_net PA6)
    (add_net PA7)
    (add_net PA8)
    (add_net PA9)
    (add_net PB0)
    (add_net PB1)
    (add_net PB10-Flash_CLK)
    (add_net PB11)
    (add_net PB12)
    (add_net PB13)
    (add_net PB14)
    (add_net PB15)
    (add_net PB2-BOOT1)
    (add_net PB3)
    (add_net PB4)
    (add_net PB5)
    (add_net PB6)
    (add_net PB7)
    (add_net PB8)
    (add_net PB9)
    (add_net PC0)
    (add_net PC1-Flash_CS)
    (add_net PC10-SDIO_D2)
    (add_net PC11-SDIO_D3)
    (add_net PC12-SDIO_CK)
    (add_net PC13)
    (add_net PC2-Flash_DO)
    (add_net PC3-Flash_DI)
    (add_net PC4)
    (add_net PC5)
    (add_net PC6)
    (add_net PC7)
    (add_net PC8-SDIO_D0)
    (add_net PC9-SDIO_D1)
    (add_net PD0)
    (add_net PD1)
    (add_net PD10)
    (add_net PD11)
    (add_net PD12)
    (add_net PD13)
    (add_net PD14)
    (add_net PD15)
    (add_net PD2-SDIO_CMD)
    (add_net PD3)
    (add_net PD4)
    (add_net PD5)
    (add_net PD6)
    (add_net PD7)
    (add_net PD8)
    (add_net PD9)
    (add_net PE0)
    (add_net PE1)
    (add_net PE10)
    (add_net PE11)
    (add_net PE12)
    (add_net PE13)
    (add_net PE14)
    (add_net PE15)
    (add_net PE2)
    (add_net PE3)
    (add_net PE4)
    (add_net PE5)
    (add_net PE6)
    (add_net PE7)
    (add_net PE8)
    (add_net PE9)
    (add_net RTC1)
    (add_net RTC2)
    (add_net SWCLK)
    (add_net SWDIO)
    (add_net USB_VBUS)
    (add_net VBAT)
    (add_net VCAP1)
    (add_net VCAP2)
    (add_net VRef)
  )

  (module MountingHole:MountingHole_2.2mm_M2_Pad_Via (layer F.Cu) (tedit 615D96B7) (tstamp 615F29DE)
    (at 103.25 56.51)
    (descr "Mounting Hole 2.2mm, M2")
    (tags "mounting hole 2.2mm m2")
    (attr virtual)
    (fp_text reference " " (at 0 -3.2) (layer F.SilkS)
      (effects (font (size 1 1) (thickness 0.15)))
    )
    (fp_text value MountingHole_2.2mm_M2_Pad_Via (at 0 3.2) (layer F.Fab)
      (effects (font (size 1 1) (thickness 0.15)))
    )
    (fp_circle (center 0 0) (end 2.45 0) (layer F.CrtYd) (width 0.05))
    (fp_circle (center 0 0) (end 2.2 0) (layer Cmts.User) (width 0.15))
    (fp_text user %R (at 0.3 0) (layer F.Fab)
      (effects (font (size 1 1) (thickness 0.15)))
    )
    (pad GND thru_hole circle (at 0 0) (size 4.4 4.4) (drill 2.2) (layers *.Cu *.Mask)
      (net 1 GND))
    (pad 1 thru_hole circle (at 1.65 0) (size 0.7 0.7) (drill 0.4) (layers *.Cu *.Mask))
    (pad 1 thru_hole circle (at 1.166726 1.166726) (size 0.7 0.7) (drill 0.4) (layers *.Cu *.Mask))
    (pad 1 thru_hole circle (at 0 1.65) (size 0.7 0.7) (drill 0.4) (layers *.Cu *.Mask))
    (pad 1 thru_hole circle (at -1.166726 1.166726) (size 0.7 0.7) (drill 0.4) (layers *.Cu *.Mask))
    (pad 1 thru_hole circle (at -1.65 0) (size 0.7 0.7) (drill 0.4) (layers *.Cu *.Mask))
    (pad 1 thru_hole circle (at -1.166726 -1.166726) (size 0.7 0.7) (drill 0.4) (layers *.Cu *.Mask))
    (pad 1 thru_hole circle (at 0 -1.65) (size 0.7 0.7) (drill 0.4) (layers *.Cu *.Mask))
    (pad 1 thru_hole circle (at 1.166726 -1.166726) (size 0.7 0.7) (drill 0.4) (layers *.Cu *.Mask))
  )

  (module MountingHole:MountingHole_2.2mm_M2_Pad_Via (layer F.Cu) (tedit 615D9724) (tstamp 615F29C0)
    (at 103.19 96.89)
    (descr "Mounting Hole 2.2mm, M2")
    (tags "mounting hole 2.2mm m2")
    (attr virtual)
    (fp_text reference " " (at 0 -3.2) (layer F.SilkS)
      (effects (font (size 1 1) (thickness 0.15)))
    )
    (fp_text value MountingHole_2.2mm_M2_Pad_Via (at 0 3.2) (layer F.Fab)
      (effects (font (size 1 1) (thickness 0.15)))
    )
    (fp_text user %R (at 0.3 0) (layer F.Fab)
      (effects (font (size 1 1) (thickness 0.15)))
    )
    (fp_circle (center 0 0) (end 2.2 0) (layer Cmts.User) (width 0.15))
    (fp_circle (center 0 0) (end 2.45 0) (layer F.CrtYd) (width 0.05))
    (pad 1 thru_hole circle (at 1.166726 -1.166726) (size 0.7 0.7) (drill 0.4) (layers *.Cu *.Mask))
    (pad 1 thru_hole circle (at 0 -1.65) (size 0.7 0.7) (drill 0.4) (layers *.Cu *.Mask))
    (pad 1 thru_hole circle (at -1.166726 -1.166726) (size 0.7 0.7) (drill 0.4) (layers *.Cu *.Mask))
    (pad 1 thru_hole circle (at -1.65 0) (size 0.7 0.7) (drill 0.4) (layers *.Cu *.Mask))
    (pad 1 thru_hole circle (at -1.166726 1.166726) (size 0.7 0.7) (drill 0.4) (layers *.Cu *.Mask))
    (pad 1 thru_hole circle (at 0 1.65) (size 0.7 0.7) (drill 0.4) (layers *.Cu *.Mask))
    (pad " 1" thru_hole circle (at 1.166726 1.166726) (size 0.7 0.7) (drill 0.4) (layers *.Cu *.Mask))
    (pad 1 thru_hole circle (at 1.65 0) (size 0.7 0.7) (drill 0.4) (layers *.Cu *.Mask))
    (pad GND thru_hole circle (at 0 0) (size 4.4 4.4) (drill 2.2) (layers *.Cu *.Mask)
      (net 1 GND))
  )

  (module MountingHole:MountingHole_2.2mm_M2_Pad_Via (layer F.Cu) (tedit 615D96DB) (tstamp 615F2945)
    (at 183.87 96.9)
    (descr "Mounting Hole 2.2mm, M2")
    (tags "mounting hole 2.2mm m2")
    (attr virtual)
    (fp_text reference " " (at 0 -3.2) (layer F.SilkS)
      (effects (font (size 1 1) (thickness 0.15)))
    )
    (fp_text value MountingHole_2.2mm_M2_Pad_Via (at 0 3.2) (layer F.Fab)
      (effects (font (size 1 1) (thickness 0.15)))
    )
    (fp_circle (center 0 0) (end 2.45 0) (layer F.CrtYd) (width 0.05))
    (fp_circle (center 0 0) (end 2.2 0) (layer Cmts.User) (width 0.15))
    (fp_text user %R (at 0.3 0) (layer F.Fab)
      (effects (font (size 1 1) (thickness 0.15)))
    )
    (pad GND thru_hole circle (at 0 0) (size 4.4 4.4) (drill 2.2) (layers *.Cu *.Mask)
      (net 1 GND))
    (pad 1 thru_hole circle (at 1.65 0) (size 0.7 0.7) (drill 0.4) (layers *.Cu *.Mask))
    (pad 1 thru_hole circle (at 1.166726 1.166726) (size 0.7 0.7) (drill 0.4) (layers *.Cu *.Mask))
    (pad 1 thru_hole circle (at 0 1.65) (size 0.7 0.7) (drill 0.4) (layers *.Cu *.Mask))
    (pad 1 thru_hole circle (at -1.166726 1.166726) (size 0.7 0.7) (drill 0.4) (layers *.Cu *.Mask))
    (pad 1 thru_hole circle (at -1.65 0) (size 0.7 0.7) (drill 0.4) (layers *.Cu *.Mask))
    (pad 1 thru_hole circle (at -1.166726 -1.166726) (size 0.7 0.7) (drill 0.4) (layers *.Cu *.Mask))
    (pad 1 thru_hole circle (at 0 -1.65) (size 0.7 0.7) (drill 0.4) (layers *.Cu *.Mask))
    (pad 1 thru_hole circle (at 1.166726 -1.166726) (size 0.7 0.7) (drill 0.4) (layers *.Cu *.Mask))
  )

  (module MountingHole:MountingHole_2.2mm_M2_Pad_Via (layer F.Cu) (tedit 615D96CB) (tstamp 615F2924)
    (at 183.88 56.47)
    (descr "Mounting Hole 2.2mm, M2")
    (tags "mounting hole 2.2mm m2")
    (attr virtual)
    (fp_text reference " " (at 0 -3.2) (layer F.SilkS)
      (effects (font (size 1 1) (thickness 0.15)))
    )
    (fp_text value MountingHole_2.2mm_M2_Pad_Via (at 0 3.2) (layer F.Fab)
      (effects (font (size 1 1) (thickness 0.15)))
    )
    (fp_text user %R (at 0.3 0) (layer F.Fab)
      (effects (font (size 1 1) (thickness 0.15)))
    )
    (fp_circle (center 0 0) (end 2.2 0) (layer Cmts.User) (width 0.15))
    (fp_circle (center 0 0) (end 2.45 0) (layer F.CrtYd) (width 0.05))
    (pad 1 thru_hole circle (at 1.166726 -1.166726) (size 0.7 0.7) (drill 0.4) (layers *.Cu *.Mask))
    (pad 1 thru_hole circle (at 0 -1.65) (size 0.7 0.7) (drill 0.4) (layers *.Cu *.Mask))
    (pad 1 thru_hole circle (at -1.166726 -1.166726) (size 0.7 0.7) (drill 0.4) (layers *.Cu *.Mask))
    (pad 1 thru_hole circle (at -1.65 0) (size 0.7 0.7) (drill 0.4) (layers *.Cu *.Mask))
    (pad 1 thru_hole circle (at -1.166726 1.166726) (size 0.7 0.7) (drill 0.4) (layers *.Cu *.Mask))
    (pad 1 thru_hole circle (at 0 1.65) (size 0.7 0.7) (drill 0.4) (layers *.Cu *.Mask))
    (pad 1 thru_hole circle (at 1.166726 1.166726) (size 0.7 0.7) (drill 0.4) (layers *.Cu *.Mask))
    (pad 1 thru_hole circle (at 1.65 0) (size 0.7 0.7) (drill 0.4) (layers *.Cu *.Mask))
    (pad GND thru_hole circle (at 0 0) (size 4.4 4.4) (drill 2.2) (layers *.Cu *.Mask)
      (net 1 GND))
  )

  (module Resistor_SMD:R_0805_2012Metric (layer F.Cu) (tedit 5F68FEEE) (tstamp 615C9F49)
    (at 164.2 83.82)
    (descr "Resistor SMD 0805 (2012 Metric), square (rectangular) end terminal, IPC_7351 nominal, (Body size source: IPC-SM-782 page 72, https://www.pcb-3d.com/wordpress/wp-content/uploads/ipc-sm-782a_amendment_1_and_2.pdf), generated with kicad-footprint-generator")
    (tags resistor)
    (path /61F62A83)
    (attr smd)
    (fp_text reference R14 (at 0 -1.65) (layer F.SilkS)
      (effects (font (size 1 1) (thickness 0.15)))
    )
    (fp_text value 15K (at 0 1.65) (layer F.Fab)
      (effects (font (size 1 1) (thickness 0.15)))
    )
    (fp_line (start -1 0.625) (end -1 -0.625) (layer F.Fab) (width 0.1))
    (fp_line (start -1 -0.625) (end 1 -0.625) (layer F.Fab) (width 0.1))
    (fp_line (start 1 -0.625) (end 1 0.625) (layer F.Fab) (width 0.1))
    (fp_line (start 1 0.625) (end -1 0.625) (layer F.Fab) (width 0.1))
    (fp_line (start -0.227064 -0.735) (end 0.227064 -0.735) (layer F.SilkS) (width 0.12))
    (fp_line (start -0.227064 0.735) (end 0.227064 0.735) (layer F.SilkS) (width 0.12))
    (fp_line (start -1.68 0.95) (end -1.68 -0.95) (layer F.CrtYd) (width 0.05))
    (fp_line (start -1.68 -0.95) (end 1.68 -0.95) (layer F.CrtYd) (width 0.05))
    (fp_line (start 1.68 -0.95) (end 1.68 0.95) (layer F.CrtYd) (width 0.05))
    (fp_line (start 1.68 0.95) (end -1.68 0.95) (layer F.CrtYd) (width 0.05))
    (fp_text user %R (at 0 0) (layer F.Fab)
      (effects (font (size 0.5 0.5) (thickness 0.08)))
    )
    (pad 2 smd roundrect (at 0.9125 0) (size 1.025 1.4) (layers F.Cu F.Paste F.Mask) (roundrect_rratio 0.243902)
      (net 10 +3V3))
    (pad 1 smd roundrect (at -0.9125 0) (size 1.025 1.4) (layers F.Cu F.Paste F.Mask) (roundrect_rratio 0.243902)
      (net 77 PC8-SDIO_D0))
    (model ${KISYS3DMOD}/Resistor_SMD.3dshapes/R_0805_2012Metric.wrl
      (at (xyz 0 0 0))
      (scale (xyz 1 1 1))
      (rotate (xyz 0 0 0))
    )
  )

  (module Capacitor_SMD:C_0805_2012Metric (layer F.Cu) (tedit 5F68FEEE) (tstamp 615C9B3B)
    (at 132.125001 113.692999 90)
    (descr "Capacitor SMD 0805 (2012 Metric), square (rectangular) end terminal, IPC_7351 nominal, (Body size source: IPC-SM-782 page 76, https://www.pcb-3d.com/wordpress/wp-content/uploads/ipc-sm-782a_amendment_1_and_2.pdf, https://docs.google.com/spreadsheets/d/1BsfQQcO9C6DZCsRaXUlFlo91Tg2WpOkGARC1WS5S8t0/edit?usp=sharing), generated with kicad-footprint-generator")
    (tags capacitor)
    (path /619A1443)
    (attr smd)
    (fp_text reference C1 (at 0 -1.68 90) (layer F.SilkS)
      (effects (font (size 1 1) (thickness 0.15)))
    )
    (fp_text value 100nF (at 0 1.68 90) (layer F.Fab)
      (effects (font (size 1 1) (thickness 0.15)))
    )
    (fp_line (start -1 0.625) (end -1 -0.625) (layer F.Fab) (width 0.1))
    (fp_line (start -1 -0.625) (end 1 -0.625) (layer F.Fab) (width 0.1))
    (fp_line (start 1 -0.625) (end 1 0.625) (layer F.Fab) (width 0.1))
    (fp_line (start 1 0.625) (end -1 0.625) (layer F.Fab) (width 0.1))
    (fp_line (start -0.261252 -0.735) (end 0.261252 -0.735) (layer F.SilkS) (width 0.12))
    (fp_line (start -0.261252 0.735) (end 0.261252 0.735) (layer F.SilkS) (width 0.12))
    (fp_line (start -1.7 0.98) (end -1.7 -0.98) (layer F.CrtYd) (width 0.05))
    (fp_line (start -1.7 -0.98) (end 1.7 -0.98) (layer F.CrtYd) (width 0.05))
    (fp_line (start 1.7 -0.98) (end 1.7 0.98) (layer F.CrtYd) (width 0.05))
    (fp_line (start 1.7 0.98) (end -1.7 0.98) (layer F.CrtYd) (width 0.05))
    (fp_text user %R (at 0 0 90) (layer F.Fab)
      (effects (font (size 0.5 0.5) (thickness 0.08)))
    )
    (pad 2 smd roundrect (at 0.95 0 90) (size 1 1.45) (layers F.Cu F.Paste F.Mask) (roundrect_rratio 0.25)
      (net 1 GND))
    (pad 1 smd roundrect (at -0.95 0 90) (size 1 1.45) (layers F.Cu F.Paste F.Mask) (roundrect_rratio 0.25)
      (net 2 "Net-(C1-Pad1)"))
    (model ${KISYS3DMOD}/Capacitor_SMD.3dshapes/C_0805_2012Metric.wrl
      (at (xyz 0 0 0))
      (scale (xyz 1 1 1))
      (rotate (xyz 0 0 0))
    )
  )

  (module Capacitor_SMD:C_1210_3225Metric (layer F.Cu) (tedit 5F68FEEE) (tstamp 615C9B4C)
    (at 171 73.99 180)
    (descr "Capacitor SMD 1210 (3225 Metric), square (rectangular) end terminal, IPC_7351 nominal, (Body size source: IPC-SM-782 page 76, https://www.pcb-3d.com/wordpress/wp-content/uploads/ipc-sm-782a_amendment_1_and_2.pdf), generated with kicad-footprint-generator")
    (tags capacitor)
    (path /617C4785)
    (attr smd)
    (fp_text reference C2 (at 0 -2.3) (layer F.SilkS)
      (effects (font (size 1 1) (thickness 0.15)))
    )
    (fp_text value 100uF (at 0 2.3) (layer F.Fab)
      (effects (font (size 1 1) (thickness 0.15)))
    )
    (fp_line (start -1.6 1.25) (end -1.6 -1.25) (layer F.Fab) (width 0.1))
    (fp_line (start -1.6 -1.25) (end 1.6 -1.25) (layer F.Fab) (width 0.1))
    (fp_line (start 1.6 -1.25) (end 1.6 1.25) (layer F.Fab) (width 0.1))
    (fp_line (start 1.6 1.25) (end -1.6 1.25) (layer F.Fab) (width 0.1))
    (fp_line (start -0.711252 -1.36) (end 0.711252 -1.36) (layer F.SilkS) (width 0.12))
    (fp_line (start -0.711252 1.36) (end 0.711252 1.36) (layer F.SilkS) (width 0.12))
    (fp_line (start -2.3 1.6) (end -2.3 -1.6) (layer F.CrtYd) (width 0.05))
    (fp_line (start -2.3 -1.6) (end 2.3 -1.6) (layer F.CrtYd) (width 0.05))
    (fp_line (start 2.3 -1.6) (end 2.3 1.6) (layer F.CrtYd) (width 0.05))
    (fp_line (start 2.3 1.6) (end -2.3 1.6) (layer F.CrtYd) (width 0.05))
    (fp_text user %R (at 0 0) (layer F.Fab)
      (effects (font (size 0.8 0.8) (thickness 0.12)))
    )
    (pad 2 smd roundrect (at 1.475 0 180) (size 1.15 2.7) (layers F.Cu F.Paste F.Mask) (roundrect_rratio 0.217391)
      (net 1 GND))
    (pad 1 smd roundrect (at -1.475 0 180) (size 1.15 2.7) (layers F.Cu F.Paste F.Mask) (roundrect_rratio 0.217391)
      (net 3 +5V))
    (model ${KISYS3DMOD}/Capacitor_SMD.3dshapes/C_1210_3225Metric.wrl
      (at (xyz 0 0 0))
      (scale (xyz 1 1 1))
      (rotate (xyz 0 0 0))
    )
  )

  (module Capacitor_SMD:C_0805_2012Metric (layer F.Cu) (tedit 5F68FEEE) (tstamp 615C9B5D)
    (at 138.37 76.93 90)
    (descr "Capacitor SMD 0805 (2012 Metric), square (rectangular) end terminal, IPC_7351 nominal, (Body size source: IPC-SM-782 page 76, https://www.pcb-3d.com/wordpress/wp-content/uploads/ipc-sm-782a_amendment_1_and_2.pdf, https://docs.google.com/spreadsheets/d/1BsfQQcO9C6DZCsRaXUlFlo91Tg2WpOkGARC1WS5S8t0/edit?usp=sharing), generated with kicad-footprint-generator")
    (tags capacitor)
    (path /6138A479)
    (attr smd)
    (fp_text reference C3 (at 0 -1.68 90) (layer F.SilkS)
      (effects (font (size 1 1) (thickness 0.15)))
    )
    (fp_text value 22pF (at 0 1.68 90) (layer F.Fab)
      (effects (font (size 1 1) (thickness 0.15)))
    )
    (fp_line (start -1 0.625) (end -1 -0.625) (layer F.Fab) (width 0.1))
    (fp_line (start -1 -0.625) (end 1 -0.625) (layer F.Fab) (width 0.1))
    (fp_line (start 1 -0.625) (end 1 0.625) (layer F.Fab) (width 0.1))
    (fp_line (start 1 0.625) (end -1 0.625) (layer F.Fab) (width 0.1))
    (fp_line (start -0.261252 -0.735) (end 0.261252 -0.735) (layer F.SilkS) (width 0.12))
    (fp_line (start -0.261252 0.735) (end 0.261252 0.735) (layer F.SilkS) (width 0.12))
    (fp_line (start -1.7 0.98) (end -1.7 -0.98) (layer F.CrtYd) (width 0.05))
    (fp_line (start -1.7 -0.98) (end 1.7 -0.98) (layer F.CrtYd) (width 0.05))
    (fp_line (start 1.7 -0.98) (end 1.7 0.98) (layer F.CrtYd) (width 0.05))
    (fp_line (start 1.7 0.98) (end -1.7 0.98) (layer F.CrtYd) (width 0.05))
    (fp_text user %R (at 0 0 90) (layer F.Fab)
      (effects (font (size 0.5 0.5) (thickness 0.08)))
    )
    (pad 2 smd roundrect (at 0.95 0 90) (size 1 1.45) (layers F.Cu F.Paste F.Mask) (roundrect_rratio 0.25)
      (net 4 RTC1))
    (pad 1 smd roundrect (at -0.95 0 90) (size 1 1.45) (layers F.Cu F.Paste F.Mask) (roundrect_rratio 0.25)
      (net 1 GND))
    (model ${KISYS3DMOD}/Capacitor_SMD.3dshapes/C_0805_2012Metric.wrl
      (at (xyz 0 0 0))
      (scale (xyz 1 1 1))
      (rotate (xyz 0 0 0))
    )
  )

  (module Capacitor_SMD:C_0805_2012Metric (layer F.Cu) (tedit 5F68FEEE) (tstamp 615C9B6E)
    (at 136.36 76.93 90)
    (descr "Capacitor SMD 0805 (2012 Metric), square (rectangular) end terminal, IPC_7351 nominal, (Body size source: IPC-SM-782 page 76, https://www.pcb-3d.com/wordpress/wp-content/uploads/ipc-sm-782a_amendment_1_and_2.pdf, https://docs.google.com/spreadsheets/d/1BsfQQcO9C6DZCsRaXUlFlo91Tg2WpOkGARC1WS5S8t0/edit?usp=sharing), generated with kicad-footprint-generator")
    (tags capacitor)
    (path /61388882)
    (attr smd)
    (fp_text reference C4 (at 0 -1.68 90) (layer F.SilkS)
      (effects (font (size 1 1) (thickness 0.15)))
    )
    (fp_text value 22pF (at 0 1.68 90) (layer F.Fab)
      (effects (font (size 1 1) (thickness 0.15)))
    )
    (fp_line (start 1.7 0.98) (end -1.7 0.98) (layer F.CrtYd) (width 0.05))
    (fp_line (start 1.7 -0.98) (end 1.7 0.98) (layer F.CrtYd) (width 0.05))
    (fp_line (start -1.7 -0.98) (end 1.7 -0.98) (layer F.CrtYd) (width 0.05))
    (fp_line (start -1.7 0.98) (end -1.7 -0.98) (layer F.CrtYd) (width 0.05))
    (fp_line (start -0.261252 0.735) (end 0.261252 0.735) (layer F.SilkS) (width 0.12))
    (fp_line (start -0.261252 -0.735) (end 0.261252 -0.735) (layer F.SilkS) (width 0.12))
    (fp_line (start 1 0.625) (end -1 0.625) (layer F.Fab) (width 0.1))
    (fp_line (start 1 -0.625) (end 1 0.625) (layer F.Fab) (width 0.1))
    (fp_line (start -1 -0.625) (end 1 -0.625) (layer F.Fab) (width 0.1))
    (fp_line (start -1 0.625) (end -1 -0.625) (layer F.Fab) (width 0.1))
    (fp_text user %R (at 0 0 90) (layer F.Fab)
      (effects (font (size 0.5 0.5) (thickness 0.08)))
    )
    (pad 1 smd roundrect (at -0.95 0 90) (size 1 1.45) (layers F.Cu F.Paste F.Mask) (roundrect_rratio 0.25)
      (net 1 GND))
    (pad 2 smd roundrect (at 0.95 0 90) (size 1 1.45) (layers F.Cu F.Paste F.Mask) (roundrect_rratio 0.25)
      (net 5 RTC2))
    (model ${KISYS3DMOD}/Capacitor_SMD.3dshapes/C_0805_2012Metric.wrl
      (at (xyz 0 0 0))
      (scale (xyz 1 1 1))
      (rotate (xyz 0 0 0))
    )
  )

  (module Capacitor_SMD:C_0805_2012Metric (layer F.Cu) (tedit 5F68FEEE) (tstamp 615C9B7F)
    (at 108.379001 131.658999 90)
    (descr "Capacitor SMD 0805 (2012 Metric), square (rectangular) end terminal, IPC_7351 nominal, (Body size source: IPC-SM-782 page 76, https://www.pcb-3d.com/wordpress/wp-content/uploads/ipc-sm-782a_amendment_1_and_2.pdf, https://docs.google.com/spreadsheets/d/1BsfQQcO9C6DZCsRaXUlFlo91Tg2WpOkGARC1WS5S8t0/edit?usp=sharing), generated with kicad-footprint-generator")
    (tags capacitor)
    (path /61787706)
    (attr smd)
    (fp_text reference C5 (at 0 -1.68 90) (layer F.SilkS)
      (effects (font (size 1 1) (thickness 0.15)))
    )
    (fp_text value 100nF (at 0 1.68 90) (layer F.Fab)
      (effects (font (size 1 1) (thickness 0.15)))
    )
    (fp_line (start 1.7 0.98) (end -1.7 0.98) (layer F.CrtYd) (width 0.05))
    (fp_line (start 1.7 -0.98) (end 1.7 0.98) (layer F.CrtYd) (width 0.05))
    (fp_line (start -1.7 -0.98) (end 1.7 -0.98) (layer F.CrtYd) (width 0.05))
    (fp_line (start -1.7 0.98) (end -1.7 -0.98) (layer F.CrtYd) (width 0.05))
    (fp_line (start -0.261252 0.735) (end 0.261252 0.735) (layer F.SilkS) (width 0.12))
    (fp_line (start -0.261252 -0.735) (end 0.261252 -0.735) (layer F.SilkS) (width 0.12))
    (fp_line (start 1 0.625) (end -1 0.625) (layer F.Fab) (width 0.1))
    (fp_line (start 1 -0.625) (end 1 0.625) (layer F.Fab) (width 0.1))
    (fp_line (start -1 -0.625) (end 1 -0.625) (layer F.Fab) (width 0.1))
    (fp_line (start -1 0.625) (end -1 -0.625) (layer F.Fab) (width 0.1))
    (fp_text user %R (at 0 0 90) (layer F.Fab)
      (effects (font (size 0.5 0.5) (thickness 0.08)))
    )
    (pad 1 smd roundrect (at -0.95 0 90) (size 1 1.45) (layers F.Cu F.Paste F.Mask) (roundrect_rratio 0.25)
      (net 6 "Net-(C5-Pad1)"))
    (pad 2 smd roundrect (at 0.95 0 90) (size 1 1.45) (layers F.Cu F.Paste F.Mask) (roundrect_rratio 0.25)
      (net 1 GND))
    (model ${KISYS3DMOD}/Capacitor_SMD.3dshapes/C_0805_2012Metric.wrl
      (at (xyz 0 0 0))
      (scale (xyz 1 1 1))
      (rotate (xyz 0 0 0))
    )
  )

  (module Capacitor_SMD:C_0805_2012Metric (layer F.Cu) (tedit 5F68FEEE) (tstamp 615C9B90)
    (at 130.39 76.94 270)
    (descr "Capacitor SMD 0805 (2012 Metric), square (rectangular) end terminal, IPC_7351 nominal, (Body size source: IPC-SM-782 page 76, https://www.pcb-3d.com/wordpress/wp-content/uploads/ipc-sm-782a_amendment_1_and_2.pdf, https://docs.google.com/spreadsheets/d/1BsfQQcO9C6DZCsRaXUlFlo91Tg2WpOkGARC1WS5S8t0/edit?usp=sharing), generated with kicad-footprint-generator")
    (tags capacitor)
    (path /61383953)
    (attr smd)
    (fp_text reference C6 (at 0 -1.68 90) (layer F.SilkS)
      (effects (font (size 1 1) (thickness 0.15)))
    )
    (fp_text value 22pF (at 0 1.68 90) (layer F.Fab)
      (effects (font (size 1 1) (thickness 0.15)))
    )
    (fp_line (start -1 0.625) (end -1 -0.625) (layer F.Fab) (width 0.1))
    (fp_line (start -1 -0.625) (end 1 -0.625) (layer F.Fab) (width 0.1))
    (fp_line (start 1 -0.625) (end 1 0.625) (layer F.Fab) (width 0.1))
    (fp_line (start 1 0.625) (end -1 0.625) (layer F.Fab) (width 0.1))
    (fp_line (start -0.261252 -0.735) (end 0.261252 -0.735) (layer F.SilkS) (width 0.12))
    (fp_line (start -0.261252 0.735) (end 0.261252 0.735) (layer F.SilkS) (width 0.12))
    (fp_line (start -1.7 0.98) (end -1.7 -0.98) (layer F.CrtYd) (width 0.05))
    (fp_line (start -1.7 -0.98) (end 1.7 -0.98) (layer F.CrtYd) (width 0.05))
    (fp_line (start 1.7 -0.98) (end 1.7 0.98) (layer F.CrtYd) (width 0.05))
    (fp_line (start 1.7 0.98) (end -1.7 0.98) (layer F.CrtYd) (width 0.05))
    (fp_text user %R (at 0 0 90) (layer F.Fab)
      (effects (font (size 0.5 0.5) (thickness 0.08)))
    )
    (pad 2 smd roundrect (at 0.95 0 270) (size 1 1.45) (layers F.Cu F.Paste F.Mask) (roundrect_rratio 0.25)
      (net 7 HSE1))
    (pad 1 smd roundrect (at -0.95 0 270) (size 1 1.45) (layers F.Cu F.Paste F.Mask) (roundrect_rratio 0.25)
      (net 1 GND))
    (model ${KISYS3DMOD}/Capacitor_SMD.3dshapes/C_0805_2012Metric.wrl
      (at (xyz 0 0 0))
      (scale (xyz 1 1 1))
      (rotate (xyz 0 0 0))
    )
  )

  (module Capacitor_SMD:C_0805_2012Metric (layer F.Cu) (tedit 5F68FEEE) (tstamp 615C9BA1)
    (at 134.35 76.93 270)
    (descr "Capacitor SMD 0805 (2012 Metric), square (rectangular) end terminal, IPC_7351 nominal, (Body size source: IPC-SM-782 page 76, https://www.pcb-3d.com/wordpress/wp-content/uploads/ipc-sm-782a_amendment_1_and_2.pdf, https://docs.google.com/spreadsheets/d/1BsfQQcO9C6DZCsRaXUlFlo91Tg2WpOkGARC1WS5S8t0/edit?usp=sharing), generated with kicad-footprint-generator")
    (tags capacitor)
    (path /613831AF)
    (attr smd)
    (fp_text reference C7 (at 0 -1.68 90) (layer F.SilkS)
      (effects (font (size 1 1) (thickness 0.15)))
    )
    (fp_text value 22pF (at 0 1.68 90) (layer F.Fab)
      (effects (font (size 1 1) (thickness 0.15)))
    )
    (fp_line (start 1.7 0.98) (end -1.7 0.98) (layer F.CrtYd) (width 0.05))
    (fp_line (start 1.7 -0.98) (end 1.7 0.98) (layer F.CrtYd) (width 0.05))
    (fp_line (start -1.7 -0.98) (end 1.7 -0.98) (layer F.CrtYd) (width 0.05))
    (fp_line (start -1.7 0.98) (end -1.7 -0.98) (layer F.CrtYd) (width 0.05))
    (fp_line (start -0.261252 0.735) (end 0.261252 0.735) (layer F.SilkS) (width 0.12))
    (fp_line (start -0.261252 -0.735) (end 0.261252 -0.735) (layer F.SilkS) (width 0.12))
    (fp_line (start 1 0.625) (end -1 0.625) (layer F.Fab) (width 0.1))
    (fp_line (start 1 -0.625) (end 1 0.625) (layer F.Fab) (width 0.1))
    (fp_line (start -1 -0.625) (end 1 -0.625) (layer F.Fab) (width 0.1))
    (fp_line (start -1 0.625) (end -1 -0.625) (layer F.Fab) (width 0.1))
    (fp_text user %R (at 0 0 90) (layer F.Fab)
      (effects (font (size 0.5 0.5) (thickness 0.08)))
    )
    (pad 1 smd roundrect (at -0.95 0 270) (size 1 1.45) (layers F.Cu F.Paste F.Mask) (roundrect_rratio 0.25)
      (net 1 GND))
    (pad 2 smd roundrect (at 0.95 0 270) (size 1 1.45) (layers F.Cu F.Paste F.Mask) (roundrect_rratio 0.25)
      (net 8 HSE2))
    (model ${KISYS3DMOD}/Capacitor_SMD.3dshapes/C_0805_2012Metric.wrl
      (at (xyz 0 0 0))
      (scale (xyz 1 1 1))
      (rotate (xyz 0 0 0))
    )
  )

  (module Capacitor_SMD:C_0805_2012Metric (layer F.Cu) (tedit 5F68FEEE) (tstamp 615C9BB2)
    (at 105.369001 133.668999 90)
    (descr "Capacitor SMD 0805 (2012 Metric), square (rectangular) end terminal, IPC_7351 nominal, (Body size source: IPC-SM-782 page 76, https://www.pcb-3d.com/wordpress/wp-content/uploads/ipc-sm-782a_amendment_1_and_2.pdf, https://docs.google.com/spreadsheets/d/1BsfQQcO9C6DZCsRaXUlFlo91Tg2WpOkGARC1WS5S8t0/edit?usp=sharing), generated with kicad-footprint-generator")
    (tags capacitor)
    (path /6141E0CD)
    (attr smd)
    (fp_text reference C8 (at 0 -1.68 90) (layer F.SilkS)
      (effects (font (size 1 1) (thickness 0.15)))
    )
    (fp_text value 1uF (at 0 1.68 90) (layer F.Fab)
      (effects (font (size 1 1) (thickness 0.15)))
    )
    (fp_line (start 1.7 0.98) (end -1.7 0.98) (layer F.CrtYd) (width 0.05))
    (fp_line (start 1.7 -0.98) (end 1.7 0.98) (layer F.CrtYd) (width 0.05))
    (fp_line (start -1.7 -0.98) (end 1.7 -0.98) (layer F.CrtYd) (width 0.05))
    (fp_line (start -1.7 0.98) (end -1.7 -0.98) (layer F.CrtYd) (width 0.05))
    (fp_line (start -0.261252 0.735) (end 0.261252 0.735) (layer F.SilkS) (width 0.12))
    (fp_line (start -0.261252 -0.735) (end 0.261252 -0.735) (layer F.SilkS) (width 0.12))
    (fp_line (start 1 0.625) (end -1 0.625) (layer F.Fab) (width 0.1))
    (fp_line (start 1 -0.625) (end 1 0.625) (layer F.Fab) (width 0.1))
    (fp_line (start -1 -0.625) (end 1 -0.625) (layer F.Fab) (width 0.1))
    (fp_line (start -1 0.625) (end -1 -0.625) (layer F.Fab) (width 0.1))
    (fp_text user %R (at 0 0 90) (layer F.Fab)
      (effects (font (size 0.5 0.5) (thickness 0.08)))
    )
    (pad 1 smd roundrect (at -0.95 0 90) (size 1 1.45) (layers F.Cu F.Paste F.Mask) (roundrect_rratio 0.25)
      (net 9 VRef))
    (pad 2 smd roundrect (at 0.95 0 90) (size 1 1.45) (layers F.Cu F.Paste F.Mask) (roundrect_rratio 0.25)
      (net 1 GND))
    (model ${KISYS3DMOD}/Capacitor_SMD.3dshapes/C_0805_2012Metric.wrl
      (at (xyz 0 0 0))
      (scale (xyz 1 1 1))
      (rotate (xyz 0 0 0))
    )
  )

  (module Capacitor_SMD:C_0805_2012Metric (layer F.Cu) (tedit 5F68FEEE) (tstamp 615C9BC3)
    (at 147.253001 108.217999 90)
    (descr "Capacitor SMD 0805 (2012 Metric), square (rectangular) end terminal, IPC_7351 nominal, (Body size source: IPC-SM-782 page 76, https://www.pcb-3d.com/wordpress/wp-content/uploads/ipc-sm-782a_amendment_1_and_2.pdf, https://docs.google.com/spreadsheets/d/1BsfQQcO9C6DZCsRaXUlFlo91Tg2WpOkGARC1WS5S8t0/edit?usp=sharing), generated with kicad-footprint-generator")
    (tags capacitor)
    (path /61786111)
    (attr smd)
    (fp_text reference C9 (at 0 -1.68 90) (layer F.SilkS)
      (effects (font (size 1 1) (thickness 0.15)))
    )
    (fp_text value 100nF (at 0 1.68 90) (layer F.Fab)
      (effects (font (size 1 1) (thickness 0.15)))
    )
    (fp_line (start -1 0.625) (end -1 -0.625) (layer F.Fab) (width 0.1))
    (fp_line (start -1 -0.625) (end 1 -0.625) (layer F.Fab) (width 0.1))
    (fp_line (start 1 -0.625) (end 1 0.625) (layer F.Fab) (width 0.1))
    (fp_line (start 1 0.625) (end -1 0.625) (layer F.Fab) (width 0.1))
    (fp_line (start -0.261252 -0.735) (end 0.261252 -0.735) (layer F.SilkS) (width 0.12))
    (fp_line (start -0.261252 0.735) (end 0.261252 0.735) (layer F.SilkS) (width 0.12))
    (fp_line (start -1.7 0.98) (end -1.7 -0.98) (layer F.CrtYd) (width 0.05))
    (fp_line (start -1.7 -0.98) (end 1.7 -0.98) (layer F.CrtYd) (width 0.05))
    (fp_line (start 1.7 -0.98) (end 1.7 0.98) (layer F.CrtYd) (width 0.05))
    (fp_line (start 1.7 0.98) (end -1.7 0.98) (layer F.CrtYd) (width 0.05))
    (fp_text user %R (at 0 0 90) (layer F.Fab)
      (effects (font (size 0.5 0.5) (thickness 0.08)))
    )
    (pad 2 smd roundrect (at 0.95 0 90) (size 1 1.45) (layers F.Cu F.Paste F.Mask) (roundrect_rratio 0.25)
      (net 1 GND))
    (pad 1 smd roundrect (at -0.95 0 90) (size 1 1.45) (layers F.Cu F.Paste F.Mask) (roundrect_rratio 0.25)
      (net 10 +3V3))
    (model ${KISYS3DMOD}/Capacitor_SMD.3dshapes/C_0805_2012Metric.wrl
      (at (xyz 0 0 0))
      (scale (xyz 1 1 1))
      (rotate (xyz 0 0 0))
    )
  )

  (module Capacitor_SMD:C_0805_2012Metric (layer F.Cu) (tedit 5F68FEEE) (tstamp 615C9BD4)
    (at 164.2 81.84 180)
    (descr "Capacitor SMD 0805 (2012 Metric), square (rectangular) end terminal, IPC_7351 nominal, (Body size source: IPC-SM-782 page 76, https://www.pcb-3d.com/wordpress/wp-content/uploads/ipc-sm-782a_amendment_1_and_2.pdf, https://docs.google.com/spreadsheets/d/1BsfQQcO9C6DZCsRaXUlFlo91Tg2WpOkGARC1WS5S8t0/edit?usp=sharing), generated with kicad-footprint-generator")
    (tags capacitor)
    (path /6143B5CD)
    (attr smd)
    (fp_text reference C10 (at 0 -1.68) (layer F.SilkS)
      (effects (font (size 1 1) (thickness 0.15)))
    )
    (fp_text value 1uF (at 0 1.68) (layer F.Fab)
      (effects (font (size 1 1) (thickness 0.15)))
    )
    (fp_line (start -1 0.625) (end -1 -0.625) (layer F.Fab) (width 0.1))
    (fp_line (start -1 -0.625) (end 1 -0.625) (layer F.Fab) (width 0.1))
    (fp_line (start 1 -0.625) (end 1 0.625) (layer F.Fab) (width 0.1))
    (fp_line (start 1 0.625) (end -1 0.625) (layer F.Fab) (width 0.1))
    (fp_line (start -0.261252 -0.735) (end 0.261252 -0.735) (layer F.SilkS) (width 0.12))
    (fp_line (start -0.261252 0.735) (end 0.261252 0.735) (layer F.SilkS) (width 0.12))
    (fp_line (start -1.7 0.98) (end -1.7 -0.98) (layer F.CrtYd) (width 0.05))
    (fp_line (start -1.7 -0.98) (end 1.7 -0.98) (layer F.CrtYd) (width 0.05))
    (fp_line (start 1.7 -0.98) (end 1.7 0.98) (layer F.CrtYd) (width 0.05))
    (fp_line (start 1.7 0.98) (end -1.7 0.98) (layer F.CrtYd) (width 0.05))
    (fp_text user %R (at 0 0) (layer F.Fab)
      (effects (font (size 0.5 0.5) (thickness 0.08)))
    )
    (pad 2 smd roundrect (at 0.95 0 180) (size 1 1.45) (layers F.Cu F.Paste F.Mask) (roundrect_rratio 0.25)
      (net 11 VCAP1))
    (pad 1 smd roundrect (at -0.95 0 180) (size 1 1.45) (layers F.Cu F.Paste F.Mask) (roundrect_rratio 0.25)
      (net 1 GND))
    (model ${KISYS3DMOD}/Capacitor_SMD.3dshapes/C_0805_2012Metric.wrl
      (at (xyz 0 0 0))
      (scale (xyz 1 1 1))
      (rotate (xyz 0 0 0))
    )
  )

  (module Capacitor_SMD:C_0805_2012Metric (layer F.Cu) (tedit 5F68FEEE) (tstamp 615C9BE5)
    (at 168.06 79.83)
    (descr "Capacitor SMD 0805 (2012 Metric), square (rectangular) end terminal, IPC_7351 nominal, (Body size source: IPC-SM-782 page 76, https://www.pcb-3d.com/wordpress/wp-content/uploads/ipc-sm-782a_amendment_1_and_2.pdf, https://docs.google.com/spreadsheets/d/1BsfQQcO9C6DZCsRaXUlFlo91Tg2WpOkGARC1WS5S8t0/edit?usp=sharing), generated with kicad-footprint-generator")
    (tags capacitor)
    (path /6143DC20)
    (attr smd)
    (fp_text reference C11 (at 0 -1.68) (layer F.SilkS)
      (effects (font (size 1 1) (thickness 0.15)))
    )
    (fp_text value 1uF (at 0 1.68) (layer F.Fab)
      (effects (font (size 1 1) (thickness 0.15)))
    )
    (fp_line (start -1 0.625) (end -1 -0.625) (layer F.Fab) (width 0.1))
    (fp_line (start -1 -0.625) (end 1 -0.625) (layer F.Fab) (width 0.1))
    (fp_line (start 1 -0.625) (end 1 0.625) (layer F.Fab) (width 0.1))
    (fp_line (start 1 0.625) (end -1 0.625) (layer F.Fab) (width 0.1))
    (fp_line (start -0.261252 -0.735) (end 0.261252 -0.735) (layer F.SilkS) (width 0.12))
    (fp_line (start -0.261252 0.735) (end 0.261252 0.735) (layer F.SilkS) (width 0.12))
    (fp_line (start -1.7 0.98) (end -1.7 -0.98) (layer F.CrtYd) (width 0.05))
    (fp_line (start -1.7 -0.98) (end 1.7 -0.98) (layer F.CrtYd) (width 0.05))
    (fp_line (start 1.7 -0.98) (end 1.7 0.98) (layer F.CrtYd) (width 0.05))
    (fp_line (start 1.7 0.98) (end -1.7 0.98) (layer F.CrtYd) (width 0.05))
    (fp_text user %R (at 0 0) (layer F.Fab)
      (effects (font (size 0.5 0.5) (thickness 0.08)))
    )
    (pad 2 smd roundrect (at 0.95 0) (size 1 1.45) (layers F.Cu F.Paste F.Mask) (roundrect_rratio 0.25)
      (net 12 VCAP2))
    (pad 1 smd roundrect (at -0.95 0) (size 1 1.45) (layers F.Cu F.Paste F.Mask) (roundrect_rratio 0.25)
      (net 1 GND))
    (model ${KISYS3DMOD}/Capacitor_SMD.3dshapes/C_0805_2012Metric.wrl
      (at (xyz 0 0 0))
      (scale (xyz 1 1 1))
      (rotate (xyz 0 0 0))
    )
  )

  (module Capacitor_SMD:C_1210_3225Metric (layer F.Cu) (tedit 5F68FEEE) (tstamp 615C9BF6)
    (at 171 70.74 180)
    (descr "Capacitor SMD 1210 (3225 Metric), square (rectangular) end terminal, IPC_7351 nominal, (Body size source: IPC-SM-782 page 76, https://www.pcb-3d.com/wordpress/wp-content/uploads/ipc-sm-782a_amendment_1_and_2.pdf), generated with kicad-footprint-generator")
    (tags capacitor)
    (path /617C52F3)
    (attr smd)
    (fp_text reference C12 (at 0 -2.3) (layer F.SilkS)
      (effects (font (size 1 1) (thickness 0.15)))
    )
    (fp_text value 100uF (at 0 2.3) (layer F.Fab)
      (effects (font (size 1 1) (thickness 0.15)))
    )
    (fp_line (start 2.3 1.6) (end -2.3 1.6) (layer F.CrtYd) (width 0.05))
    (fp_line (start 2.3 -1.6) (end 2.3 1.6) (layer F.CrtYd) (width 0.05))
    (fp_line (start -2.3 -1.6) (end 2.3 -1.6) (layer F.CrtYd) (width 0.05))
    (fp_line (start -2.3 1.6) (end -2.3 -1.6) (layer F.CrtYd) (width 0.05))
    (fp_line (start -0.711252 1.36) (end 0.711252 1.36) (layer F.SilkS) (width 0.12))
    (fp_line (start -0.711252 -1.36) (end 0.711252 -1.36) (layer F.SilkS) (width 0.12))
    (fp_line (start 1.6 1.25) (end -1.6 1.25) (layer F.Fab) (width 0.1))
